wavelength	mua	musp
650	0.002793479968	1.193342893
650.5	0.002794305496	1.19195604
651	0.002795483248	1.190571862
651.5	0.002797192931	1.189190353
652	0.002799430738	1.187811505
652.5	0.002801928042	1.186435312
653	0.002804289295	1.185061765
653.5	0.002806164474	1.183690859
654	0.002807553732	1.182322585
654.5	0.002808381827	1.180956937
655	0.002808448467	1.179593908
655.5	0.002807739425	1.17823349
656	0.002806410373	1.176875677
656.5	0.002804625742	1.175520462
657	0.002802433987	1.174167838
657.5	0.002799880484	1.172817798
658	0.002797059518	1.171470334
658.5	0.002794518959	1.170125441
659	0.002792889921	1.168783111
659.5	0.002792537611	1.167443338
660	0.002793240918	1.166106114
660.5	0.002794289635	1.164771433
661	0.002795280343	1.163439288
661.5	0.002796054489	1.162109673
662	0.002796566409	1.16078258
662.5	0.002796928217	1.159458004
663	0.002796931236	1.158135936
663.5	0.002796490388	1.156816372
664	0.002795560597	1.155499303
664.5	0.002794210013	1.154184724
665	0.00279234975	1.152872628
665.5	0.002789873309	1.151563008
666	0.002786962443	1.150255858
666.5	0.002783972864	1.148951171
667	0.002781020237	1.147648941
667.5	0.002778246312	1.146349162
668	0.002776056933	1.145051826
668.5	0.002774444257	1.143756928
669	0.002773438821	1.142464461
669.5	0.002773229312	1.141174419
670	0.002773873842	1.139886795
670.5	0.002774699532	1.138601583
671	0.002775147634	1.137318777
671.5	0.002775019152	1.13603837
672	0.002774550026	1.134760357
672.5	0.002773428382	1.13348473
673	0.002771672575	1.132211485
673.5	0.002769432453	1.130940613
674	0.002766753525	1.12967211
674.5	0.002763824317	1.128405969
675	0.002760687172	1.127142184
675.5	0.002757263585	1.125880749
676	0.002753738749	1.124621658
676.5	0.00275085873	1.123364904
677	0.002749387011	1.122110482
677.5	0.002748985019	1.120858386
678	0.002748721642	1.119608609
678.5	0.002748266242	1.118361145
679	0.00274755655	1.11711599
679.5	0.002746647561	1.115873135
680	0.002745553683	1.114632577
680.5	0.002744351194	1.113394308
681	0.002743097392	1.112158323
681.5	0.002741489093	1.110924616
682	0.002739464042	1.109693181
682.5	0.002737147805	1.108464012
683	0.002734446347	1.107237104
683.5	0.002731465531	1.10601245
684	0.002728524175	1.104790045
684.5	0.002725928762	1.103569883
685	0.002723609127	1.102351959
685.5	0.002721261133	1.101136265
686	0.002718938515	1.099922798
686.5	0.002716646951	1.098711551
687	0.002714325758	1.097502519
687.5	0.002711914114	1.096295695
688	0.002709610539	1.095091074
688.5	0.002707630433	1.093888651
689	0.002706004538	1.09268842
689.5	0.002704594411	1.091490376
690	0.002703268209	1.090294512
690.5	0.002702340094	1.089100823
691	0.00270230014	1.087909304
691.5	0.00270300388	1.08671995
692	0.002703880973	1.085532754
692.5	0.002704427424	1.084347711
693	0.002704625058	1.083164816
693.5	0.002704520333	1.081984064
694	0.002704055367	1.080805449
694.5	0.002703179483	1.079628965
695	0.002702155117	1.078454607
695.5	0.002701052259	1.07728237
696	0.002699816625	1.076112249
696.5	0.00269832135	1.074944237
697	0.002696799673	1.073778331
697.5	0.002695482197	1.072614523
698	0.002694370142	1.071452811
698.5	0.002693402147	1.070293187
699	0.002692779551	1.069135646
699.5	0.002692545904	1.067980185
700	0.002692467738	1.066826796
700.5	0.002692336838	1.065675476
701	0.002692249442	1.064526218
701.5	0.002692466903	1.063379018
702	0.00269294739	1.062233871
702.5	0.002693535851	1.061090771
703	0.002693914438	1.059949714
703.5	0.002693970402	1.058810693
704	0.00269361713	1.057673705
704.5	0.002692846027	1.056538744
705	0.002691666754	1.055405805
705.5	0.002690136945	1.054274883
706	0.002688402376	1.053145973
706.5	0.002686490113	1.05201907
707	0.002684349608	1.050894169
707.5	0.00268191562	1.049771265
708	0.002679226621	1.048650353
708.5	0.002676247014	1.047531428
709	0.002673155962	1.046414485
709.5	0.002670120193	1.04529952
710	0.002667465764	1.044186527
710.5	0.00266507323	1.043075502
711	0.002662893083	1.041966439
711.5	0.002660940689	1.040859334
712	0.002659213473	1.039754182
712.5	0.002657777829	1.038650978
713	0.002656502729	1.037549718
713.5	0.00265549027	1.036450397
714	0.002654740842	1.035353009
714.5	0.002654074926	1.03425755
715	0.002653443112	1.033164016
715.5	0.002652616732	1.032072401
716	0.002651715228	1.030982701
716.5	0.002650580849	1.029894912
717	0.002649251291	1.028809028
717.5	0.002647994022	1.027725045
718	0.002646915859	1.026642958
718.5	0.002646044286	1.025562763
719	0.002645154154	1.024484454
719.5	0.002644435415	1.023408028
720	0.002644280964	1.02233348
720.5	0.002644911101	1.021260806
721	0.00264628385	1.020189999
721.5	0.002648359753	1.019121057
722	0.002651371697	1.018053975
722.5	0.002655374206	1.016988747
723	0.002659983091	1.01592537
723.5	0.002664719366	1.014863839
724	0.002669711001	1.01380415
724.5	0.002675474032	1.012746298
725	0.002682141635	1.011690278
725.5	0.002689363931	1.010636087
726	0.002696690614	1.00958372
726.5	0.002704121594	1.008533171
727	0.002712028211	1.007484438
727.5	0.002720942168	1.006437516
728	0.002731171677	1.0053924
728.5	0.002742834903	1.004349085
729	0.002755719634	1.003307569
729.5	0.002769577531	1.002267845
730	0.002784074787	1.001229911
730.5	0.002799159151	1.000193761
731	0.002815239944	0.999159391
731.5	0.002832838167	0.9981267974
732	0.002852076398	0.9970959756
732.5	0.002872644766	0.9960669214
733	0.002894119994	0.9950396305
733.5	0.002916650056	0.9940140987
734	0.002940458794	0.9929903218
734.5	0.002965748222	0.9919682955
735	0.00299210511	0.9909480158
735.5	0.003018945513	0.9899294784
736	0.003046075693	0.9889126792
736.5	0.003073395085	0.987897614
737	0.003100885686	0.9868842788
737.5	0.00312847293	0.9858726693
738	0.00315591406	0.9848627815
738.5	0.003182472952	0.9838546113
739	0.003207405778	0.9828481546
739.5	0.003230198907	0.9818434073
740	0.003250731153	0.9808403654
740.5	0.00326844948	0.9798390249
741	0.003282781588	0.9788393816
741.5	0.003293295272	0.9778414317
742	0.003299704758	0.976845171
742.5	0.003301885072	0.9758505956
743	0.003299751108	0.9748577015
743.5	0.00329328859	0.9738664847
744	0.003282446569	0.9728769413
744.5	0.003267292743	0.9718890674
745	0.003248024963	0.9709028589
745.5	0.003225065105	0.969918312
746	0.003198875327	0.9689354227
746.5	0.003169933471	0.9679541872
747	0.003138728648	0.9669746015
747.5	0.003105744978	0.9659966619
748	0.003071252625	0.9650203643
748.5	0.003035632217	0.9640457051
749	0.002999240876	0.9630726802
749.5	0.002962386868	0.962101286
750	0.002925420862	0.9611315186
750.5	0.002888560486	0.9601633741
751	0.002852543096	0.9591968489
751.5	0.002818041776	0.958231939
752	0.002785987465	0.9572686408
752.5	0.002757026749	0.9563069504
753	0.002731140611	0.9553468641
753.5	0.002707678111	0.9543883783
754	0.002685545073	0.953431489
754.5	0.002664294564	0.9524761928
755	0.002644008046	0.9515224857
755.5	0.002625282306	0.9505703642
756	0.002608448276	0.9496198246
756.5	0.002593519412	0.9486708631
757	0.002580087642	0.9477234761
757.5	0.002567543343	0.9467776601
758	0.002555660186	0.9458334112
758.5	0.002544233585	0.944890726
759	0.002533083403	0.9439496008
759.5	0.002522103085	0.9430100319
760	0.002511722536	0.9420720158
760.5	0.002502686571	0.9411355489
761	0.002495110098	0.9402006277
761.5	0.002488502574	0.9392672485
762	0.002482136751	0.9383354078
762.5	0.002475703462	0.9374051021
763	0.002469177587	0.9364763278
763.5	0.002462503976	0.9355490814
764	0.002455645562	0.9346233594
764.5	0.00244892758	0.9336991583
765	0.002442963362	0.9327764746
765.5	0.002437660859	0.9318553049
766	0.002432607803	0.9309356456
766.5	0.002427444261	0.9300174933
767	0.002422173431	0.9291008445
767.5	0.002417193145	0.9281856958
768	0.002412657931	0.9272720438
768.5	0.002408711853	0.9263598851
769	0.002404886116	0.9254492162
769.5	0.002400940475	0.9245400337
770	0.002396799882	0.9236323343
770.5	0.002392608134	0.9227261146
771	0.002388597612	0.9218213712
771.5	0.002384978124	0.9209181007
772	0.0023816936	0.9200162998
772.5	0.002378564726	0.9191159651
773	0.002375332258	0.9182170934
773.5	0.002372002317	0.9173196813
774	0.002368748964	0.9164237255
774.5	0.002365978844	0.9155292226
775	0.002363639054	0.9146361695
775.5	0.002361417826	0.9137445627
776	0.002359020451	0.9128543991
776.5	0.002356614583	0.9119656754
777	0.002354235727	0.9110783883
777.5	0.00235199547	0.9101925346
778	0.002350015359	0.909308111
778.5	0.0023480925	0.9084251143
779	0.002346119123	0.9075435414
779.5	0.002343877688	0.9066633889
780	0.002341339121	0.9057846537
780.5	0.002338848093	0.9049073326
781	0.002336800359	0.9040314224
781.5	0.002335306021	0.90315692
782	0.002334041597	0.9022838222
782.5	0.002332546723	0.9014121259
783	0.002331260716	0.9005418278
783.5	0.002330194501	0.8996729249
784	0.002329260285	0.898805414
784.5	0.002328296769	0.8979392921
785	0.002327311865	0.897074556
785.5	0.002326238868	0.8962112026
786	0.002324908347	0.8953492288
786.5	0.002323452728	0.8944886316
787	0.002322543759	0.8936294078
787.5	0.002322450222	0.8927715545
788	0.002322623559	0.8919150685
788.5	0.00232254679	0.8910599469
789	0.00232202809	0.8902061865
789.5	0.002321116199	0.8893537844
790	0.00231977714	0.8885027375
790.5	0.002318382002	0.8876530428
791	0.002317855694	0.8868046974
791.5	0.002318410955	0.8859576982
792	0.002319424445	0.8851120422
792.5	0.002320189489	0.8842677265
793	0.002320657321	0.8834247481
793.5	0.0023208517	0.882583104
794	0.002320635529	0.8817427913
794.5	0.002320353317	0.8809038071
795	0.002320751571	0.8800661483
795.5	0.002322161955	0.8792298122
796	0.002324101105	0.8783947957
796.5	0.00232588958	0.877561096
797	0.002327437914	0.8767287101
797.5	0.002328643476	0.8758976352
798	0.002329661761	0.8750678684
798.5	0.002330739	0.8742394068
799	0.002332437573	0.8734122475
799.5	0.0023348501	0.8725863877
800	0.002337860275	0.8717618245
800.5	0.002341020467	0.8709385551
801	0.00234411644	0.8701165766
801.5	0.002347379219	0.8692958862
802	0.002351350126	0.8684764812
802.5	0.002356358118	0.8676583586
803	0.002362096785	0.8668415156
803.5	0.002368207776	0.8660259496
804	0.002374372631	0.8652116576
804.5	0.002380523257	0.864398637
805	0.00238654942	0.8635868849
805.5	0.002392542046	0.8627763985
806	0.002398462577	0.8619671752
806.5	0.002404064958	0.8611592121
807	0.002409104666	0.8603525066
807.5	0.002413302756	0.8595470558
808	0.002416608339	0.8587428571
808.5	0.002418901412	0.8579399077
809	0.002420220831	0.857138205
809.5	0.002420449379	0.8563377461
810	0.002419453585	0.8555385285
810.5	0.00241714849	0.8547405495
811	0.00241377129	0.8539438063
811.5	0.002409576	0.8531482962
812	0.002404551552	0.8523540167
812.5	0.002398710851	0.8515609651
813	0.002392131916	0.8507691386
813.5	0.002385062574	0.8499785347
814	0.002377464173	0.8491891507
814.5	0.002369283433	0.848400984
815	0.002360496615	0.847614032
815.5	0.002351129305	0.846828292
816	0.002341101159	0.8460437615
816.5	0.00233041653	0.8452604378
817	0.002318989281	0.8444783183
817.5	0.002306918247	0.8436974005
818	0.002294319257	0.8429176818
818.5	0.00228147611	0.8421391596
819	0.002268160234	0.8413618314
819.5	0.002254734654	0.8405856945
820	0.002241787473	0.8398107465
820.5	0.002230325952	0.8390369847
821	0.002220141073	0.8382644067
821.5	0.002210653577	0.83749301
822	0.002201193757	0.8367227919
822.5	0.002192002472	0.83595375
823	0.002183694261	0.8351858818
823.5	0.002176713291	0.8344191847
824	0.002170403756	0.8336536563
824.5	0.00216396612	0.8328892942
825	0.002157074859	0.8321260957
825.5	0.002149871901	0.8313640584
826	0.002142247304	0.8306031799
826.5	0.002134430339	0.8298434577
827	0.002126848763	0.8290848893
827.5	0.002120007375	0.8283274723
828	0.002113623546	0.8275712043
828.5	0.002107562661	0.8268160828
829	0.002101958302	0.8260621054
829.5	0.002097365052	0.8253092696
830	0.002094252824	0.8245575731
830.5	0.002092299671	0.8238070134
831	0.00209085724	0.8230575882
831.5	0.002089431856	0.822309295
832	0.002087854583	0.8215621315
832.5	0.002086462249	0.8208160952
833	0.002085713541	0.8200711838
833.5	0.002086010224	0.819327395
834	0.002086849237	0.8185847263
834.5	0.002087680826	0.8178431754
835	0.002088283664	0.81710274
835.5	0.002088553935	0.8163634177
836	0.002088865508	0.8156252061
836.5	0.002089863723	0.814888103
837	0.002092234644	0.814152106
837.5	0.00209549794	0.8134172128
838	0.002099030916	0.812683421
838.5	0.002102540029	0.8119507285
839	0.002106138376	0.8112191328
839.5	0.002109967046	0.8104886317
840	0.00211438144	0.8097592229
840.5	0.002119815608	0.8090309041
841	0.002126585613	0.808303673
841.5	0.002134424985	0.8075775274
842	0.002142959199	0.806852465
842.5	0.002151612001	0.8061284835
843	0.002160550237	0.8054055807
843.5	0.00216985799	0.8046837544
844	0.002179463736	0.8039630023
844.5	0.002189066747	0.8032433221
845	0.002198417124	0.8025247117
845.5	0.002207552143	0.8018071688
846	0.00221645349	0.8010906912
846.5	0.002225111649	0.8003752767
847	0.002233607223	0.7996609231
847.5	0.002242279145	0.7989476282
848	0.002251388421	0.7982353898
848.5	0.002260710592	0.7975242057
849	0.002269948478	0.7968140737
849.5	0.002278962476	0.7961049917
850	0.002287758887	0.7953969575
850.5	0.002296138892	0.7946899689
851	0.002303903799	0.7939840238
851.5	0.002310982877	0.79327912
852	0.002317177152	0.7925752554
852.5	0.002322203906	0.7918724278
853	0.002325881419	0.7911706351
853.5	0.002328195891	0.7904698751
854	0.002329271946	0.7897701458
854.5	0.002329216649	0.789071445
855	0.002328019746	0.7883737707
855.5	0.002325658607	0.7876771206
856	0.002322424794	0.7869814928
856.5	0.002318506642	0.786286885
857	0.002313936589	0.7855932953
857.5	0.002308459854	0.7849007215
858	0.002302071157	0.7842091616
858.5	0.002295050583	0.7835186134
859	0.002287274968	0.7828290749
859.5	0.002278942117	0.7821405441
860	0.002270493196	0.7814530189
860.5	0.002262219105	0.7807664973
861	0.002254159796	0.7800809771
861.5	0.002245907684	0.7793964564
862	0.002237908911	0.778712933
862.5	0.002230726163	0.7780304051
863	0.002224787795	0.7773488706
863.5	0.002220276584	0.7766683273
864	0.002217334138	0.7759887734
864.5	0.002216587764	0.7753102068
865	0.002217888408	0.7746326255
865.5	0.002220401031	0.7739560276
866	0.002223071963	0.7732804109
866.5	0.002226253542	0.7726057736
867	0.002231069044	0.7719321136
867.5	0.00223792278	0.771259429
868	0.002245974569	0.7705877178
868.5	0.002254241309	0.769916978
869	0.002262759509	0.7692472076
869.5	0.002272321192	0.7685784048
870	0.002283353571	0.7679105675
870.5	0.002296321661	0.7672436939
871	0.002311281069	0.7665777819
871.5	0.002328388957	0.7659128296
872	0.002347139022	0.7652488351
872.5	0.002367249581	0.7645857964
873	0.002388511159	0.7639237117
873.5	0.002410972725	0.7632625791
874	0.00243476143	0.7626023965
874.5	0.002460369126	0.7619431621
875	0.002488246688	0.7612848741
875.5	0.002517935048	0.7606275304
876	0.002548089468	0.7599711292
876.5	0.002577849687	0.7593156687
877	0.002606877539	0.7586611469
877.5	0.002635099206	0.758007562
878	0.002661908881	0.757354912
878.5	0.002686941914	0.7567031952
879	0.002709896748	0.7560524096
879.5	0.002730412337	0.7554025534
880	0.002748228013	0.7547536247
880.5	0.00276337242	0.7541056217
881	0.002776046793	0.7534585426
881.5	0.002786492717	0.7528123854
882	0.002795024879	0.7521671485
882.5	0.002802054742	0.7515228298
883	0.002808292521	0.7508794277
883.5	0.00281411893	0.7502369403
884	0.002820492282	0.7495953657
884.5	0.002828340012	0.7489547022
885	0.002838672652	0.7483149479
885.5	0.002851754308	0.7476761011
886	0.00286781739	0.7470381599
886.5	0.002887538944	0.7464011226
887	0.002911794372	0.7457649874
887.5	0.002941335742	0.7451297524
888	0.002976709083	0.7444954159
888.5	0.003018100896	0.7438619762
889	0.00306547993	0.7432294314
889.5	0.003118610673	0.7425977798
890	0.003177414115	0.7419670196
890.5	0.003242411116	0.7413371491
891	0.003314451511	0.7407081664
891.5	0.003393964261	0.74008007
892	0.003480611641	0.739452858
892.5	0.003573869595	0.7388265286
893	0.003673633439	0.7382010802
893.5	0.003780119236	0.737576511
894	0.003893431741	0.7369528193
894.5	0.00401374653	0.7363300034
895	0.004141421547	0.7357080615
895.5	0.004276971997	0.7350869919
896	0.004420773329	0.7344667929
896.5	0.004573042377	0.7338474629
897	0.004733913941	0.7332290001
897.5	0.004903306207	0.7326114028
898	0.00508108805	0.7319946693
898.5	0.005267543464	0.7313787979
899	0.005463861814	0.730763787
899.5	0.005670971206	0.7301496349
900	0.005889164717	0.7295363399
900.5	0.00611804305	0.7289239003
901	0.006357693617	0.7283123144
901.5	0.006608259482	0.7277015807
902	0.006869688847	0.7270916974
902.5	0.007140286728	0.7264826629
903	0.007418152182	0.7258744755
903.5	0.00770065144	0.7252671335
904	0.007983418219	0.7246606355
904.5	0.008262162958	0.7240549796
905	0.008532738863	0.7234501643
905.5	0.008792305373	0.7228461879
906	0.009036260502	0.7222430489
906.5	0.00925880725	0.7216407455
907	0.009454325263	0.7210392763
907.5	0.00961782448	0.7204386394
908	0.009745418977	0.7198388335
908.5	0.009833634701	0.7192398567
909	0.009879732692	0.7186417076
909.5	0.009881765035	0.7180443846
910	0.009839526995	0.717447886
910.5	0.009754253296	0.7168522103
911	0.009628650835	0.7162573558
911.5	0.009466298359	0.715663321
912	0.009271524085	0.7150701044
912.5	0.009049068593	0.7144777043
913	0.008804125777	0.7138861191
913.5	0.008542207529	0.7132953474
914	0.008268607916	0.7127053875
914.5	0.007986940507	0.7121162378
915	0.007700494668	0.7115278969
915.5	0.007412979467	0.7109403632
916	0.007128865874	0.7103536351
916.5	0.006851131489	0.7097677111
917	0.006581260861	0.7091825896
917.5	0.006319905512	0.7085982691
918	0.006067810532	0.7080147481
918.5	0.00582508354	0.7074320251
919	0.005591216363	0.7068500985
919.5	0.005365296535	0.7062689667
920	0.005146236233	0.7056886284
920.5	0.004933280931	0.7051090819
921	0.004726092358	0.7045303258
921.5	0.004524909338	0.7039523585
922	0.004330761113	0.7033751786
922.5	0.004144496971	0.7027987846
923	0.003966390453	0.7022231749
923.5	0.003795464682	0.701648348
924	0.003630783728	0.7010743026
924.5	0.003472269574	0.700501037
925	0.003320787898	0.6999285499
925.5	0.003177408507	0.6993568396
926	0.003042901481	0.6987859049
926.5	0.002917211452	0.6982157441
927	0.00279952796	0.6976463559
927.5	0.002688848168	0.6970777387
928	0.002585010609	0.6965098912
928.5	0.002488670996	0.6959428118
929	0.002400444966	0.6953764991
929.5	0.002320072357	0.6948109516
930	0.002246934172	0.6942461679
930.5	0.00218036583	0.6936821467
931	0.002119524894	0.6931188863
931.5	0.0020629468	0.6925563854
932	0.002009653162	0.6919946426
932.5	0.001960116469	0.6914336564
933	0.001915702424	0.6908734254
933.5	0.00187651698	0.6903139482
934	0.001841568185	0.6897552234
934.5	0.001809575332	0.6891972496
935	0.001780295967	0.6886400252
935.5	0.001753783753	0.6880835491
936	0.001729940113	0.6875278196
936.5	0.001708618476	0.6869728355
937	0.001690017492	0.6864185953
937.5	0.0016744557	0.6858650977
938	0.001661699012	0.6853123413
938.5	0.00165079246	0.6847603246
939	0.001640921747	0.6842090462
939.5	0.001631834051	0.6836585049
940	0.00162371147	0.6831086992
940.5	0.001616664203	0.6825596278
941	0.001610610763	0.6820112893
941.5	0.00160535422	0.6814636822
942	0.001600737661	0.6809168054
942.5	0.001596945861	0.6803706573
943	0.001594272389	0.6798252366
943.5	0.001592684037	0.6792805421
944	0.00159182563	0.6787365723
944.5	0.001591197117	0.6781933258
945	0.001590778036	0.6776508014
945.5	0.001590613633	0.6771089977
946	0.001590636251	0.6765679133
946.5	0.001590534924	0.676027547
947	0.001590029353	0.6754878974
947.5	0.001588863025	0.6749489631
948	0.001586933038	0.6744107429
948.5	0.001584099614	0.6738732354
949	0.001580359839	0.6733364393
949.5	0.001575497911	0.6728003533
950	0.001569472893	0.6722649761
950.5	0.001562458922	0.6717303063
951	0.001554721029	0.6711963427
951.5	0.001546451646	0.6706630839
952	0.001538027696	0.6701305287
952.5	0.001530123015	0.6695986757
953	0.001523121881	0.6690675237
953.5	0.00151668557	0.6685370714
954	0.001510393679	0.6680073175
954.5	0.001503862518	0.6674782606
955	0.001497353575	0.6669498996
955.5	0.001491061163	0.6664222331
956	0.001484664269	0.6658952599
956.5	0.001478013311	0.6653689787
957	0.001470752131	0.6648433882
957.5	0.001463162346	0.6643184871
958	0.001455095645	0.6637942742
958.5	0.001446489928	0.6632707483
959	0.001437669527	0.662747908
959.5	0.001429521357	0.6622257522
960	0.001422274098	0.6617042795
960.5	0.001415765195	0.6611834887
961	0.00140905053	0.6606633786
961.5	0.001402810617	0.6601439479
962	0.001398217959	0.6596251954
962.5	0.001395297595	0.6591071198
963	0.001392736335	0.65858972
963.5	0.001389261829	0.6580729946
964	0.001384734346	0.6575569425
964.5	0.001379401051	0.6570415625
965	0.001373103378	0.6565268532
965.5	0.001365749448	0.6560128135
966	0.001357672274	0.6554994422
966.5	0.00134896256	0.654986738
967	0.001339801395	0.6544746998
967.5	0.001330380403	0.6539633263
968	0.001320446233	0.6534526164
968.5	0.001310292304	0.6529425687
969	0.001300538036	0.6524331822
969.5	0.001292233442	0.6519244556
970	0.001285733654	0.6514163878
970.5	0.00128049666	0.6509089774
971	0.001275733702	0.6504022235
971.5	0.001271094875	0.6498961247
972	0.001266366496	0.6493906799
972.5	0.001261651697	0.6488858878
973	0.00125747414	0.6483817474
973.5	0.001254110593	0.6478782575
974	0.001251768025	0.6473754168
974.5	0.001249908041	0.6468732242
975	0.001248222894	0.6463716786
975.5	0.001246865991	0.6458707787
976	0.001246287341	0.6453705235
976.5	0.001246973216	0.6448709116
977	0.001249241903	0.6443719421
977.5	0.001253228522	0.6438736138
978	0.001258688688	0.6433759254
978.5	0.001265069425	0.6428788758
979	0.001271843808	0.642382464
979.5	0.001279072657	0.6418866887
980	0.001287186963	0.6413915488
980.5	0.001296573808	0.6408970432
981	0.001307315892	0.6404031707
981.5	0.001319332205	0.6399099302
982	0.001332710765	0.6394173206
982.5	0.00134759599	0.6389253408
983	0.0013643036	0.6384339895
983.5	0.001383283407	0.6379432658
984	0.001405123893	0.6374531685
984.5	0.001430325504	0.6369636964
985	0.001458476331	0.6364748484
985.5	0.001488826872	0.6359866235
986	0.001520529236	0.6354990205
986.5	0.00155357616	0.6350120384
987	0.001588457054	0.6345256759
987.5	0.001625487388	0.6340399321
988	0.00166386506	0.6335548058
988.5	0.001702460917	0.6330702959
989	0.001740816813	0.6325864013
989.5	0.001778742985	0.6321031209
990	0.001816465653	0.6316204537
990.5	0.001854547749	0.6311383985
991	0.001893817974	0.6306569544
991.5	0.001934302558	0.63017612
992	0.001975423967	0.6296958945
992.5	0.002016784429	0.6292162768
993	0.002058820139	0.6287372657
993.5	0.002101704487	0.6282588601
994	0.002145504035	0.6277810591
994.5	0.002189674263	0.6273038615
995	0.002233934335	0.6268272663
995.5	0.002278256719	0.6263512724
996	0.002322666117	0.6258758788
996.5	0.002367255685	0.6254010844
997	0.002412429786	0.6249268881
997.5	0.002458285669	0.6244532889
998	0.002504246134	0.6239802858