wavelength  mua musp    n
380	0.009125	1.923443157	1.43
381	0.009125	1.916625953	1.43
382	0.009125	1.909850685	1.43
383	0.009125	1.903116987	1.43
384	0.009125	1.896424496	1.43
385	0.009125	1.889772854	1.43
386	0.009125	1.883161706	1.43
387	0.009125	1.876590703	1.43
388	0.009125	1.870059497	1.43
389	0.009125	1.863567745	1.43
390	0.009125	1.857115109	1.43
391	0.009125	1.850701254	1.43
392	0.009125	1.844325849	1.43
393	0.009125	1.837988565	1.43
394	0.009125	1.831689078	1.43
395	0.009125	1.825427069	1.43
396	0.009125	1.819202219	1.43
397	0.009125	1.813014217	1.43
398	0.009125	1.806862751	1.43
399	0.009125	1.800747514	1.43
400	0.009125	1.794668204	1.43
401	0.009125	1.78862452	1.43
402	0.009125	1.782616166	1.43
403	0.009125	1.776642847	1.43
404	0.009125	1.770704274	1.43
405	0.009125	1.764800158	1.43
406	0.009125	1.758930217	1.43
407	0.009125	1.753094167	1.43
408	0.009125	1.747291732	1.43
409	0.009125	1.741522636	1.43
410	0.009125	1.735786606	1.43
411	0.009125	1.730083374	1.43
412	0.009125	1.724412672	1.43
413	0.009125	1.718774236	1.43
414	0.009125	1.713167806	1.43
415	0.009125	1.707593123	1.43
416	0.009125	1.702049932	1.43
417	0.009125	1.696537979	1.43
418	0.009125	1.691057014	1.43
419	0.009125	1.68560679	1.43
420	0.009125	1.680187062	1.43
421	0.009125	1.674797586	1.43
422	0.009125	1.669438123	1.43
423	0.009125	1.664108435	1.43
424	0.009125	1.658808286	1.43
425	0.009125	1.653537445	1.43
426	0.009125	1.64829568	1.43
427	0.009125	1.643082763	1.43
428	0.009125	1.637898469	1.43
429	0.009125	1.632742574	1.43
430	0.009125	1.627614857	1.43
431	0.009125	1.622515099	1.43
432	0.009125	1.617443083	1.43
433	0.009125	1.612398595	1.43
434	0.009125	1.607381422	1.43
435	0.009125	1.602391353	1.43
436	0.009125	1.597428181	1.43
437	0.009125	1.5924917	1.43
438	0.009125	1.587581704	1.43
439	0.009125	1.582697993	1.43
440	0.009125	1.577840366	1.43
441	0.009125	1.573008624	1.43
442	0.009125	1.568202573	1.43
443	0.009125	1.563422017	1.43
444	0.009125	1.558666764	1.43
445	0.009125	1.553936623	1.43
446	0.009125	1.549231407	1.43
447	0.009125	1.544550928	1.43
448	0.009125	1.539895001	1.43
449	0.009125	1.535263444	1.43
450	0.009125	1.530656074	1.43
451	0.009125	1.52192928	1.43
452	0.009289063	1.527595749	1.43
453	0.009125	1.513356806	1.43
454	0.009125	1.537503971	1.43
455	0.009125	1.535239336	1.43
456	0.009109375	1.531123537	1.43
457	0.009109375	1.510921313	1.43
458	0.009015625	1.510284408	1.43
459	0.009015625	1.499028965	1.43
460	0.009015625	1.488874426	1.43
461	0.009015625	1.490612703	1.43
462	0.008992188	1.485865968	1.43
463	0.008992188	1.47710126	1.43
464	0.008992188	1.459662931	1.43
465	0.009070313	1.460524164	1.43
466	0.009070313	1.455089529	1.43
467	0.009070313	1.449358803	1.43
468	0.009070313	1.44735038	1.43
469	0.009070313	1.429880516	1.43
470	0.009023438	1.421904117	1.43
471	0.009070313	1.426502658	1.43
472	0.009101563	1.41712189	1.43
473	0.009101563	1.432008774	1.43
474	0.009023438	1.400214577	1.43
475	0.009015625	1.405126181	1.43
476	0.009101563	1.417960676	1.43
477	0.009125	1.407941471	1.43
478	0.009015625	1.403582592	1.43
479	0.009007813	1.398088214	1.43
480	0.009007813	1.398336028	1.43
481	0.008976563	1.393014247	1.43
482	0.009007813	1.382771461	1.43
483	0.009007813	1.377504183	1.43
484	0.009140625	1.381351367	1.43
485	0.009054688	1.374483255	1.43
486	0.009054688	1.373106561	1.43
487	0.009054688	1.375670254	1.43
488	0.009054688	1.381837584	1.43
489	0.009054688	1.36386065	1.43
490	0.009054688	1.378835948	1.43
491	0.009023438	1.364174228	1.43
492	0.009054688	1.3596136	1.43
493	0.009023438	1.355696455	1.43
494	0.009023438	1.36095833	1.43
495	0.009023438	1.349627501	1.43
496	0.009023438	1.349025139	1.43
497	0.0090625	1.34717292	1.43
498	0.008976563	1.347099466	1.43
499	0.008976563	1.345014119	1.43
500	0.009015625	1.339383047	1.43
501	0.008976563	1.341649817	1.43
502	0.009015625	1.332643295	1.43
503	0.008984375	1.336161671	1.43
504	0.00896875	1.333752544	1.43
505	0.00896875	1.328903963	1.43
506	0.008914063	1.335092975	1.43
507	0.008890625	1.325353712	1.43
508	0.008929688	1.320089115	1.43
509	0.008914063	1.319641577	1.43
510	0.008914063	1.315875356	1.43
511	0.008914063	1.312170384	1.43
512	0.008914063	1.317843344	1.43
513	0.008914063	1.304044506	1.43
514	0.008929688	1.308931972	1.43
515	0.008929688	1.309015245	1.43
516	0.008929688	1.306300139	1.43
517	0.008914063	1.296205253	1.43
518	0.00890625	1.294808712	1.43
519	0.00890625	1.291893896	1.43
520	0.00890625	1.291279572	1.43
521	0.008882813	1.282912955	1.43
522	0.008875	1.289569986	1.43
523	0.008820313	1.28721006	1.43
524	0.008820313	1.281754268	1.43
525	0.0088125	1.280221678	1.43
526	0.0088125	1.277085897	1.43
527	0.008820313	1.270170946	1.43
528	0.008820313	1.27013729	1.43
529	0.008789063	1.262882394	1.43
530	0.008773438	1.262057816	1.43
531	0.008820313	1.26077713	1.43
532	0.008828125	1.262031164	1.43
533	0.008828125	1.261633886	1.43
534	0.008828125	1.254380142	1.43
535	0.008773438	1.249046855	1.43
536	0.008773438	1.244852496	1.43
537	0.008773438	1.242173243	1.43
538	0.008773438	1.242534446	1.43
539	0.00878125	1.24207694	1.43
540	0.00878125	1.249057703	1.43
541	0.008773438	1.241346388	1.43
542	0.008773438	1.238456116	1.43
543	0.008773438	1.2352285	1.43
544	0.008773438	1.236349656	1.43
545	0.008773438	1.227586067	1.43
546	0.008773438	1.229011759	1.43
547	0.008742188	1.229572054	1.43
548	0.008703125	1.227056125	1.43
549	0.008703125	1.229905221	1.43
550	0.008742188	1.22099473	1.43
551	0.008765625	1.219471899	1.43
552	0.008773438	1.215236862	1.43
553	0.008773438	1.219788191	1.43
554	0.008765625	1.218706918	1.43
555	0.008765625	1.216303221	1.43
556	0.008765625	1.218988327	1.43
557	0.008765625	1.210682217	1.43
558	0.008757813	1.205988738	1.43
559	0.008703125	1.204456464	1.43
560	0.008671875	1.207742157	1.43
561	0.00865625	1.201849737	1.43
562	0.00865625	1.20629847	1.43
563	0.00865625	1.20424254	1.43
564	0.008671875	1.193624753	1.43
565	0.00865625	1.189495435	1.43
566	0.00865625	1.191667731	1.43
567	0.00865625	1.189706328	1.43
568	0.00865625	1.192310826	1.43
569	0.008679688	1.184614427	1.43
570	0.008679688	1.182210794	1.43
571	0.008679688	1.187180642	1.43
572	0.00865625	1.182049058	1.43
573	0.00865625	1.182578526	1.43
574	0.00865625	1.179412104	1.43
575	0.00865625	1.174074393	1.43
576	0.008648438	1.178003953	1.43
577	0.008648438	1.1720791	1.43
578	0.008648438	1.172729476	1.43
579	0.008640625	1.169932616	1.43
580	0.008640625	1.168762395	1.43
581	0.008632813	1.167049387	1.43
582	0.008632813	1.169122045	1.43
583	0.008648438	1.162828486	1.43
584	0.008648438	1.1608456	1.43
585	0.008648438	1.158881025	1.43
586	0.008648438	1.155269273	1.43
587	0.008617188	1.158945604	1.43
588	0.008648438	1.159604523	1.43
589	0.008671875	1.155171384	1.43
590	0.008671875	1.149380855	1.43
591	0.008671875	1.14770254	1.43
592	0.008671875	1.150866452	1.43
593	0.008671875	1.146246057	1.43
594	0.008625	1.144010695	1.43
595	0.008625	1.143049206	1.43
596	0.008625	1.140208918	1.43
597	0.008625	1.136997761	1.43
598	0.008625	1.136058762	1.43
599	0.008625	1.132420015	1.43
600	0.008625	1.136622831	1.43
601	0.008679688	1.131984872	1.43
602	0.008679688	1.124658013	1.43
603	0.008695313	1.132070935	1.43
604	0.008695313	1.126925528	1.43
605	0.008679688	1.121637801	1.43
606	0.008695313	1.122308389	1.43
607	0.008695313	1.119255419	1.43
608	0.008679688	1.118127574	1.43
609	0.00865625	1.119462383	1.43
610	0.00865625	1.117867309	1.43
611	0.008671875	1.111978367	1.43
612	0.00865625	1.110843282	1.43
613	0.00865625	1.111701623	1.43
614	0.00865625	1.11057929	1.43
615	0.00865625	1.111266637	1.43
616	0.00865625	1.107568539	1.43
617	0.00865625	1.109349864	1.43
618	0.00865625	1.102337034	1.43
619	0.008617188	1.101217844	1.43
620	0.008617188	1.09949195	1.43
621	0.008617188	1.097138734	1.43
622	0.00859375	1.099831875	1.43
623	0.008570313	1.097095022	1.43
624	0.008570313	1.093370597	1.43
625	0.008570313	1.092228136	1.43
626	0.008554688	1.089777527	1.43
627	0.008546875	1.088628517	1.43
628	0.008539063	1.087662114	1.43
629	0.00853125	1.087933023	1.43
630	0.008539063	1.084432744	1.43
631	0.008539063	1.08385239	1.43
632	0.008539063	1.081842069	1.43
633	0.00853125	1.079303117	1.43
634	0.008515625	1.079051393	1.43
635	0.008515625	1.077427257	1.43
636	0.008507813	1.075895185	1.43
637	0.0085	1.075224463	1.43
638	0.008507813	1.073380695	1.43
639	0.00846875	1.074915573	1.43
640	0.00846875	1.071197193	1.43
641	0.00846875	1.068192878	1.43
642	0.008476563	1.070133803	1.43
643	0.008484375	1.063662511	1.43
644	0.008484375	1.069152846	1.43
645	0.0085	1.067700845	1.43
646	0.0085	1.066547241	1.43
647	0.008484375	1.063470912	1.43
648	0.008484375	1.064119347	1.43
649	0.008476563	1.059769163	1.43
650	0.0085	1.052844454	1.43
651	0.008453125	1.051855821	1.43
652	0.008453125	1.050869631	1.43
653	0.008453125	1.049885876	1.43
654	0.008453125	1.048904544	1.43
655	0.008460938	1.047925628	1.43
656	0.00846875	1.046949116	1.43
657	0.008476563	1.045974999	1.43
658	0.0085625	1.045003268	1.43
659	0.0085625	1.044033914	1.43
660	0.008601563	1.043066926	1.43
661	0.008648438	1.042102296	1.43
662	0.008648438	1.041140015	1.43
663	0.008648438	1.040180072	1.43
664	0.0086875	1.03922246	1.43
665	0.008695313	1.038267168	1.43
666	0.008703125	1.037314188	1.43
667	0.008703125	1.03636351	1.43
668	0.008703125	1.035415126	1.43
669	0.008703125	1.034469026	1.43
670	0.008703125	1.033525202	1.43
671	0.008703125	1.032583645	1.43
672	0.008710938	1.031644346	1.43
673	0.008726563	1.030707297	1.43
674	0.00875	1.029772487	1.43
675	0.008773438	1.02883991	1.43
676	0.008804688	1.027909556	1.43
677	0.008828125	1.026981417	1.43
678	0.008828125	1.026055483	1.43
679	0.008828125	1.025131748	1.43
680	0.008828125	1.024210202	1.43
681	0.008851563	1.023290836	1.43
682	0.008867188	1.022373643	1.43
683	0.008867188	1.021458614	1.43
684	0.008867188	1.020545741	1.43
685	0.008867188	1.019635016	1.43
686	0.008851563	1.01872643	1.43
687	0.008851563	1.017819976	1.43
688	0.008851563	1.016915644	1.43
689	0.008851563	1.016013428	1.43
690	0.008835938	1.01511332	1.43
691	0.008835938	1.01421531	1.43
692	0.008828125	1.013319392	1.43
693	0.008828125	1.012425558	1.43
694	0.008828125	1.011533798	1.43
695	0.008828125	1.010644107	1.43
696	0.008828125	1.009756476	1.43
697	0.008828125	1.008870897	1.43
698	0.008828125	1.007987363	1.43
699	0.008828125	1.007105866	1.43
700	0.008828125	1.006226398	1.43
701	0.008820313	1.005348952	1.43
702	0.008773438	1.00447352	1.43
703	0.008773438	1.003600096	1.43
704	0.008726563	1.00272867	1.43
705	0.008726563	1.001859237	1.43
706	0.008726563	1.000991788	1.43
707	0.00871875	1.000126317	1.43
708	0.00871875	0.999262815	1.43
709	0.00871875	0.998401276	1.43
710	0.008710938	0.997541693	1.43
711	0.00871875	0.996684058	1.43
712	0.008710938	0.995828365	1.43
713	0.008695313	0.994974605	1.43
714	0.008679688	0.994122772	1.43
715	0.008679688	0.99327286	1.43
716	0.008671875	0.99242486	1.43
717	0.008671875	0.991578766	1.43
718	0.008640625	0.990734571	1.43
719	0.00859375	0.989892269	1.43
720	0.00859375	0.989051852	1.43
721	0.00859375	0.988213313	1.43
722	0.00859375	0.987376646	1.43
723	0.00859375	0.986541844	1.43
724	0.008609375	0.9857089	1.43
725	0.008640625	0.984877807	1.43
726	0.008679688	0.98404856	1.43
727	0.008679688	0.98322115	1.43
728	0.008679688	0.982395572	1.43
729	0.008695313	0.981571819	1.43
730	0.008695313	0.980749885	1.43
731	0.008679688	0.979929763	1.43
732	0.008695313	0.979111446	1.43
733	0.008695313	0.978294928	1.43
734	0.008695313	0.977480204	1.43
735	0.0086875	0.976667265	1.43
736	0.008695313	0.975856106	1.43
737	0.008695313	0.975046721	1.43
738	0.008695313	0.974239104	1.43
739	0.008695313	0.973433248	1.43
740	0.008703125	0.972629146	1.43
741	0.008703125	0.971826794	1.43
742	0.008703125	0.971026184	1.43
743	0.008703125	0.97022731	1.43
744	0.008703125	0.969430167	1.43
745	0.00865625	0.968634749	1.43
746	0.00859375	0.967841048	1.43
747	0.008523438	0.96704906	1.43
748	0.008445313	0.966258778	1.43
749	0.00840625	0.965470197	1.43
750	0.008210938	0.96468331	1.43
751	0.0081875	0.963898111	1.43
752	0.008171875	0.963114595	1.43
753	0.008125	0.962332756	1.43
754	0.0080625	0.961552588	1.43
755	0.007960937	0.960774085	1.43
756	0.007953125	0.959997242	1.43
757	0.007921875	0.959222053	1.43
758	0.007921875	0.958448511	1.43
759	0.007921875	0.957676612	1.43
760	0.007914063	0.95690635	1.43
761	0.007882813	0.956137719	1.43
762	0.007796875	0.955370713	1.43
763	0.007773438	0.954605328	1.43
764	0.007726563	0.953841557	1.43
765	0.007726563	0.953079394	1.43
766	0.007679688	0.952318836	1.43
767	0.007679688	0.951559875	1.43
768	0.007671875	0.950802507	1.43
769	0.00765625	0.950046726	1.43
770	0.007648438	0.949292526	1.43
771	0.007648438	0.948539904	1.43
772	0.007617188	0.947788852	1.43
773	0.0075625	0.947039366	1.43
774	0.007554688	0.94629144	1.43
775	0.007546875	0.94554507	1.43
776	0.007546875	0.944800249	1.43
777	0.007546875	0.944056974	1.43
778	0.00753125	0.943315238	1.43
779	0.00753125	0.942575036	1.43
780	0.00753125	0.941836364	1.43
781	0.007507812	0.941099216	1.43
782	0.007507812	0.940363587	1.43
783	0.007367187	0.939629472	1.43
784	0.007367187	0.938896866	1.43
785	0.007460937	0.938165764	1.43
786	0.007414062	0.937436161	1.43
787	0.007351562	0.936708051	1.43
788	0.007351562	0.935981431	1.43
789	0.00734375	0.935256295	1.43
790	0.007382812	0.934532639	1.43
791	0.007414062	0.933810456	1.43
792	0.007429687	0.933089743	1.43
793	0.007429687	0.932370495	1.43
794	0.007414062	0.931652706	1.43
795	0.007382812	0.930936372	1.43
796	0.007429687	0.930221489	1.43
797	0.007382812	0.929508051	1.43
798	0.007382812	0.928796054	1.43
799	0.007382812	0.928085493	1.43
800	0.007382812	0.927376363	1.43
801	0.007375	0.92666866	1.43
802	0.007375	0.925962378	1.43
803	0.007375	0.925257515	1.43
804	0.007375	0.924554064	1.43
805	0.007375	0.923852021	1.43
806	0.007375	0.923151382	1.43
807	0.007359375	0.922452142	1.43
808	0.0073125	0.921754297	1.43
809	0.007304687	0.921057841	1.43
810	0.007304687	0.920362772	1.43
811	0.007289062	0.919669083	1.43
812	0.00728125	0.918976771	1.43
813	0.00728125	0.918285832	1.43
814	0.007257812	0.91759626	1.43
815	0.007257812	0.916908052	1.43
816	0.007257812	0.916221203	1.43
817	0.007257812	0.915535709	1.43
818	0.007257812	0.914851565	1.43
819	0.007257812	0.914168767	1.43
820	0.00728125	0.913487311	1.43
821	0.007257812	0.912807193	1.43
822	0.007257812	0.912128408	1.43
823	0.00721875	0.911450952	1.43
824	0.00721875	0.910774821	1.43
825	0.007195312	0.910100011	1.43
826	0.00721875	0.909426518	1.43
827	0.00725	0.908754336	1.43
828	0.00725	0.908083463	1.43
829	0.007234375	0.907413894	1.43
830	0.007242187	0.906745625	1.43
831	0.00725	0.906078652	1.43
832	0.007265625	0.905412971	1.43
833	0.00725	0.904748578	1.43
834	0.007265625	0.904085468	1.43
835	0.007265625	0.903423638	1.43
836	0.007289062	0.902763084	1.43
837	0.007289062	0.902103802	1.43
838	0.007296875	0.901445787	1.43
839	0.007414062	0.900789037	1.43
840	0.007382812	0.900133546	1.43
841	0.007382812	0.899479311	1.43
842	0.007414062	0.898826329	1.43
843	0.007414062	0.898174595	1.43
844	0.007429687	0.897524105	1.43
845	0.007414062	0.896874855	1.43
846	0.007460937	0.896226843	1.43
847	0.007414062	0.895580063	1.43
848	0.007460937	0.894934512	1.43
849	0.007460937	0.894290187	1.43
850	0.007414062	0.893647083	1.43
851	0.007367187	0.893005197	1.43
852	0.007265625	0.892364525	1.43
853	0.007257812	0.891725063	1.43
854	0.00725	0.891086808	1.43
855	0.00725	0.890449756	1.43
856	0.00725	0.889813904	1.43
857	0.007234375	0.889179247	1.43
858	0.007226562	0.888545782	1.43
859	0.007210937	0.887913505	1.43
860	0.007210937	0.887282413	1.43
861	0.007210937	0.886652502	1.43
862	0.007203125	0.886023769	1.43
863	0.007148437	0.88539621	1.43
864	0.007117187	0.884769822	1.43
865	0.007117187	0.8841446	1.43
866	0.007015625	0.883520542	1.43
867	0.007	0.882897643	1.43
868	0.007	0.882275902	1.43
869	0.00696875	0.881655313	1.43
870	0.00696875	0.881035873	1.43
871	0.00696875	0.88041758	1.43
872	0.00696875	0.879800429	1.43
873	0.007039062	0.879184418	1.43
874	0.00696875	0.878569542	1.43
875	0.00696875	0.877955798	1.43
876	0.00696875	0.877343184	1.43
877	0.007039062	0.876731696	1.43
878	0.0070625	0.876121329	1.43
879	0.007101562	0.875512082	1.43
880	0.007101562	0.87490395	1.43
881	0.007101562	0.874296931	1.43
882	0.00715625	0.873691021	1.43
883	0.0071875	0.873086216	1.43
884	0.007234375	0.872482514	1.43
885	0.00734375	0.871879911	1.43
886	0.00740625	0.871278405	1.43
887	0.007609375	0.870677991	1.43
888	0.007726563	0.870078667	1.43
889	0.00796875	0.869480429	1.43
890	0.008023438	0.868883274	1.43
891	0.0080625	0.868287199	1.43
892	0.008703125	0.867692201	1.43
893	0.008765625	0.867098277	1.43
894	0.00928125	0.866505424	1.43
895	0.009328125	0.865913637	1.43
896	0.009390625	0.865322916	1.43
897	0.009632813	0.864733255	1.43
898	0.009640625	0.864144653	1.43
899	0.010726563	0.863557105	1.43
900	0.010992188	0.86297061	1.43
901	0.011210938	0.862385163	1.43
902	0.01159375	0.861800763	1.43
903	0.01325	0.861217405	1.43
904	0.013257813	0.860635088	1.43
905	0.013382813	0.860053807	1.43
906	0.013484375	0.85947356	1.43
907	0.013484375	0.858894344	1.43
908	0.013484375	0.858316156	1.43
909	0.013484375	0.857738993	1.43
910	0.013484375	0.857162852	1.43
911	0.012484375	0.85658773	1.43
912	0.012179688	0.856013625	1.43
913	0.011796875	0.855440532	1.43
914	0.011445313	0.85486845	1.43
915	0.010101563	0.854297376	1.43
916	0.009453125	0.853727306	1.43
917	0.00915625	0.853158238	1.43
918	0.008	0.852590169	1.43
919	0.007828125	0.852023096	1.43
920	0.007640625	0.851457017	1.43
921	0.007539062	0.850891928	1.43
922	0.007125	0.850327826	1.43
923	0.006664062	0.84976471	1.43
924	0.006054687	0.849202575	1.43
925	0.005664062	0.84864142	1.43
926	0.00540625	0.848081241	1.43
927	0.005359375	0.847522036	1.43
928	0.005257812	0.846963802	1.43
929	0.004890625	0.846406536	1.43
930	0.004742187	0.845850236	1.43
931	0.004726562	0.845294899	1.43
932	0.004679687	0.844740522	1.43
933	0.00440625	0.844187103	1.43
934	0.00415625	0.843634638	1.43
935	0.004085937	0.843083126	1.43
936	0.00359375	0.842532563	1.43
937	0.00359375	0.841982947	1.43
938	0.003578125	0.841434275	1.43
939	0.0035625	0.840886545	1.43
940	0.003484375	0.840339754	1.43
941	0.003484375	0.839793899	1.43
942	0.003351562	0.839248978	1.43
943	0.00296875	0.838704988	1.43
944	0.002945312	0.838161926	1.43
945	0.00296875	0.837619791	1.43
946	0.002945312	0.837078579	1.43
947	0.002945312	0.836538288	1.43
948	0.0029375	0.835998916	1.43
949	0.002851562	0.835460459	1.43
950	0.002851562	0.834922916	1.43
951	0.002726562	0.834386284	1.43
952	0.00284375	0.83385056	1.43
953	0.002851562	0.833315742	1.43
954	0.00284375	0.832781827	1.43
955	0.002726562	0.832248813	1.43
956	0.002632812	0.831716698	1.43
957	0.002632812	0.831185478	1.43
958	0.002632812	0.830655153	1.43
959	0.002320312	0.830125718	1.43
960	0.0023125	0.829597172	1.43
961	0.002257812	0.829069512	1.43
962	0.002203125	0.828542736	1.43
963	0.002101562	0.828016842	1.43
964	0.001898437	0.827491827	1.43
965	0.00184375	0.826967688	1.43
966	0.00184375	0.826444424	1.43
967	0.00184375	0.825922032	1.43
968	0.00184375	0.825400509	1.43
969	0.001804687	0.824879854	1.43
970	0.00175	0.824360064	1.43
971	0.001125	0.823841136	1.43
972	0.001125	0.823323068	1.43
973	0.001125	0.822805859	1.43
974	0.0015	0.822289505	1.43
975	0.001125	0.821774005	1.43
976	0.000976562	0.821259356	1.43
977	0.001125	0.820745555	1.43
978	0.001125	0.820232602	1.43
979	0.001125	0.819720492	1.43
980	0.0015	0.819209225	1.43
981	0.001164062	0.818698797	1.43
982	0.001070312	0.818189207	1.43
983	0.000976562	0.817680453	1.43
984	0.000976562	0.817172531	1.43
985	0.001070312	0.816665441	1.43
986	0.001070312	0.816159179	1.43
987	0.000976562	0.815653744	1.43
988	0.00071875	0.815149133	1.43
989	0.000507812	0.814645345	1.43
990	-3.13E-05	0.814142376	1.43
991	-3.13E-05	0.813640225	1.43
992	-0.00015625	0.81313889	1.43
993	-0.00015625	0.812638369	1.43
994	-0.000171875	0.812138659	1.43
995	-0.000210938	0.811639758	1.43
996	-0.000210938	0.811141664	1.43
997	-0.000183594	0.810644376	1.43
998	-0.00015625	0.81014789	1.43
999	0.000164062	0.809652206	1.43
1000	-0.00021875	0.80915732	1.43
